0 0 0 0 0 0 0 1 0 0 
0 0 0 0 - 0 0 0 0 0 
0 0 0 0 0 0 0 0 0 0 
0 3 0 0 0 0 0 0 0 0 
0 0 0 0 0 0 0 0 0 0 
2 0 0 0 0 0 0 0 0 0 
0 0 - 0 0 0 3 0 0 0 
0 0 0 2 0 0 0 0 0 0 
1 0 0 0 0 0 0 0 0 0 
0 0 0 0 0 - 0 0 0 0 
Computing...
optimizedget
total connected number: 3
total length: 31
run time of algorthm: 1.10861 s
0 0 0 0 0 0 0 1 0 0 
0 0 0 0 0 0 0 1 0 0 
0 0 0 0 0 0 0 1 0 0 
0 3 0 0 0 0 0 1 0 0 
0 3 0 0 0 0 0 1 0 0 
2 3 3 3 0 0 0 1 0 0 
2 2 0 3 3 3 3 1 0 0 
0 2 2 2 0 1 1 1 0 0 
1 1 1 1 1 1 0 0 0 0 
0 0 0 0 0 0 0 0 0 0 
testing
valid
