0 0 0 0 0 0 0 0 0 2 
0 0 0 - 2 0 0 0 0 3 
0 0 0 0 0 0 0 0 0 0 
0 0 0 0 0 0 0 0 0 0 
0 1 0 0 0 0 0 0 0 0 
0 0 0 0 0 0 0 0 0 1 
0 3 0 0 0 0 0 0 - 0 
0 0 0 0 0 0 0 0 0 0 
0 0 0 - 0 0 0 0 0 0 
0 0 0 0 0 0 0 0 0 0 
Computing...
optimizedget
total connected number: 3
total length: 33
run time of algorthm: 1.34028 s
0 0 0 0 0 0 0 2 2 2 
0 0 0 0 2 2 2 2 3 3 
0 0 0 0 0 0 3 3 3 0 
3 3 3 3 3 3 3 0 0 0 
3 1 1 1 1 1 1 1 1 0 
3 0 0 0 0 0 0 0 1 1 
3 3 0 0 0 0 0 0 0 0 
0 0 0 0 0 0 0 0 0 0 
0 0 0 0 0 0 0 0 0 0 
0 0 0 0 0 0 0 0 0 0 
testing
valid
