0 0 0 0 0 - 0 0 0 1 
0 0 - 0 0 0 0 0 0 0 
0 0 0 0 0 0 0 0 1 0 
0 0 0 0 2 0 0 0 0 0 
0 0 0 0 0 0 0 0 0 0 
0 0 2 0 0 0 0 0 0 0 
0 0 0 0 0 0 - 0 0 0 
0 3 0 0 0 0 0 0 0 0 
0 0 0 0 0 0 0 0 0 0 
0 0 0 0 0 0 0 0 0 3 
Computing...
optimizedget
total connected number: 3
total length: 20
run time of algorthm: 0.229139 s
0 0 0 0 0 0 0 0 0 1 
0 0 0 0 0 0 0 0 0 1 
0 0 0 0 0 0 0 0 1 1 
0 0 0 2 2 0 0 0 0 0 
0 0 0 2 0 0 0 0 0 0 
0 0 2 2 0 0 0 0 0 0 
0 0 0 0 0 0 0 0 0 0 
0 3 3 3 3 3 3 0 0 0 
0 0 0 0 0 0 3 3 3 0 
0 0 0 0 0 0 0 0 3 3 
testing
valid
