0 0 0 0 0 0 0 0 0 0 
0 0 0 0 0 0 0 0 0 0 
0 0 - 0 0 0 0 3 0 0 
0 0 0 0 0 0 0 0 1 0 
0 0 0 0 0 0 - 0 0 0 
0 3 0 0 0 0 0 0 0 1 
2 0 0 0 0 0 0 0 0 0 
0 0 2 0 0 0 0 0 0 0 
0 0 0 0 0 0 0 0 0 - 
0 0 0 0 0 0 0 0 0 0 
Computing...
optimizedget
total connected number: 3
total length: 18
run time of algorthm: 0.421826 s
0 0 0 0 0 0 0 0 0 0 
0 0 0 0 0 0 0 0 0 0 
0 0 0 0 0 0 0 3 0 0 
0 3 3 3 3 3 3 3 1 0 
0 3 0 0 0 0 0 0 1 0 
0 3 0 0 0 0 0 0 1 1 
2 2 0 0 0 0 0 0 0 0 
0 2 2 0 0 0 0 0 0 0 
0 0 0 0 0 0 0 0 0 0 
0 0 0 0 0 0 0 0 0 0 
testing
valid
