10 2 2
0 0 0 0 0 0 0 0 0 0
0 0 0 0 0 0 0 0 0 0
0 0 0 0 0 0 0 0 0 0
0 0 0 0 0 0 0 - 0 0
0 0 0 0 0 0 0 0 0 0
0 0 0 0 - 0 0 0 0 2
0 0 0 0 0 1 0 0 0 0
0 0 0 0 0 0 0 0 0 0
0 0 0 0 0 0 0 1 0 0
0 0 2 0 0 0 0 0 0 0
optimizedget
0 0 0 0 0 0 0 0 0 0
0 0 0 0 0 0 0 0 0 0
0 0 0 0 0 0 0 0 0 0
0 0 0 0 0 0 0 0 0 0
0 0 0 0 0 0 0 0 0 0
0 0 0 0 0 0 0 0 0 2
0 0 0 0 0 1 0 0 0 2
0 0 0 0 0 1 0 0 0 2
0 0 0 0 0 1 1 1 0 2
0 0 2 2 2 2 2 2 2 2
17
17
total connected number2
total length17

real	0m22.628s
user	0m16.989s
sys	0m2.723s


10 2 3
0 0 0 0 0 0 0 0 0 0
0 2 1 0 0 1 0 0 0 0
0 0 0 0 0 0 0 0 - 0
0 0 0 0 0 0 2 0 0 0
0 0 0 0 0 0 0 0 0 0
0 0 0 0 0 0 - 0 0 0
0 0 - 0 0 0 0 0 0 0
0 0 0 0 0 0 0 0 0 0
0 0 0 0 0 0 0 0 0 0
0 0 0 0 0 0 0 0 0 0
optimizedget
0 0 0 0 0 0 0 0 0 0
0 2 1 1 1 1 0 0 0 0
0 2 2 0 0 0 0 0 0 0
0 0 2 2 2 2 2 0 0 0
0 0 0 0 0 0 0 0 0 0
0 0 0 0 0 0 0 0 0 0
0 0 0 0 0 0 0 0 0 0
0 0 0 0 0 0 0 0 0 0
0 0 0 0 0 0 0 0 0 0
0 0 0 0 0 0 0 0 0 0
12
12
total connected number2
total length12

real	0m1.832s
user	0m0.183s
sys	0m0.077s


10 2 4
0 0 0 0 0 0 0 2 0 0
0 0 0 0 0 0 0 0 0 0
0 0 0 0 0 0 0 0 0 0
- 0 1 0 0 0 0 - 0 0
0 0 0 0 0 0 0 0 0 0
0 0 2 0 0 0 0 1 0 0
0 - 0 0 0 0 0 0 0 0
0 0 0 0 - 0 0 0 0 0
0 0 0 0 0 0 0 0 0 0
0 0 0 0 0 0 0 0 0 0
optimizedget
0 0 0 2 2 2 2 2 0 0
0 0 2 2 0 0 0 0 0 0
0 2 2 0 0 0 0 0 0 0
0 2 1 1 0 0 0 0 0 0
0 2 0 1 0 0 0 0 0 0
0 2 2 1 1 1 1 1 0 0
0 0 0 0 0 0 0 0 0 0
0 0 0 0 0 0 0 0 0 0
0 0 0 0 0 0 0 0 0 0
0 0 0 0 0 0 0 0 0 0
21
21
total connected number2
total length21

real	0m5.455s
user	0m1.393s
sys	0m0.319s



10 3 2
0 0 0 0 0 0 0 0 0 0
0 0 0 0 0 0 0 0 0 0
0 0 0 0 0 0 0 0 0 0
0 0 0 0 0 0 0 - 0 0
- 0 0 0 0 0 0 0 0 2
0 0 0 0 0 0 0 0 0 0
0 0 0 0 0 0 0 0 1 0
0 0 0 0 0 0 0 0 0 0
0 0 2 1 3 0 0 0 0 3
0 0 0 0 0 0 0 0 0 0
optimizedget
0 0 0 0 0 0 0 0 0 0
0 0 0 0 0 0 0 0 0 0
0 0 0 0 0 0 0 0 0 0
0 0 0 0 0 0 0 0 0 0
0 0 2 2 2 2 2 2 2 2
0 0 2 0 0 0 0 0 0 0
0 0 2 0 0 0 0 0 1 0
0 0 2 1 1 1 1 1 1 0
0 0 2 1 3 3 3 3 3 3
0 0 0 0 0 0 0 0 0 0
26
26
total connected number3
total length26

real	0m11.966s
user	0m8.762s
sys	0m1.270s


10 3 3
0 0 0 0 0 0 0 1 0 0
0 0 0 0 0 0 0 0 0 0
0 0 0 0 0 0 0 0 0 0
0 0 0 - 3 0 - 0 0 0
0 0 0 0 0 0 0 0 0 0
0 0 0 0 0 0 2 0 0 0
0 0 2 0 0 0 0 0 0 0
0 0 0 0 0 3 0 0 0 0
0 0 0 - 0 0 0 0 0 0
0 0 0 0 0 1 0 0 0 0
optimizedget
0 0 0 0 0 0 0 1 0 0
0 0 0 0 0 0 0 1 0 0
0 0 0 0 0 0 0 1 0 0
0 0 0 0 3 0 0 1 0 0
0 0 0 0 3 0 0 1 0 0
0 0 0 0 3 3 2 1 0 0
0 0 2 2 2 3 2 1 0 0
0 0 0 0 2 3 2 1 0 0
0 0 0 0 2 2 2 1 0 0
0 0 0 0 0 1 1 1 0 0
28
28
total connected number3
total length28

real	0m8.049s
user	0m4.645s
sys	0m0.789s


10 3 4
0 0 0 0 0 0 0 0 0 0
0 0 0 0 0 0 0 0 0 0
0 0 0 0 0 0 0 0 0 0
0 0 0 0 0 1 0 3 0 0
0 0 - 0 0 0 0 0 0 0
0 0 0 1 2 - 0 0 0 0
0 0 0 0 0 0 0 0 0 0
0 0 0 0 - 0 0 0 0 0
0 0 3 0 0 2 0 0 0 0
0 0 0 - 0 0 0 0 0 0
optimizedget
0 0 0 0 0 0 0 0 0 0
0 0 0 0 0 0 0 0 0 0
0 0 0 0 0 0 0 0 0 0
0 0 0 1 1 1 0 3 0 0
0 0 0 1 0 0 0 3 0 0
0 0 0 1 2 0 0 3 0 0
0 0 0 0 2 2 0 3 0 0
0 0 0 0 0 2 0 3 0 0
0 0 3 3 3 2 3 3 0 0
0 0 0 0 3 3 3 0 0 0
23
23
total connected number3
total length23

real	0m4.269s
user	0m2.196s
sys	0m0.443s


10 4 2
0 0 - 0 0 0 0 - 0 0
0 0 0 0 1 0 0 0 0 0
0 0 0 0 0 0 0 0 0 0
0 0 0 0 0 2 0 0 0 0
0 0 0 0 0 0 0 0 0 0
0 4 2 0 0 0 0 0 0 0
3 0 0 0 0 0 0 0 4 0
0 0 0 0 0 0 0 0 0 0
0 0 0 0 0 0 0 0 0 0
0 0 3 1 0 0 0 0 0 0
optimizedget
0 0 0 0 0 0 0 0 0 0
0 0 0 0 1 1 1 0 0 0
0 0 0 0 0 0 1 0 0 0
0 0 0 0 0 2 1 0 0 0
0 0 0 0 0 2 1 1 0 0
0 4 2 2 2 2 0 1 1 1
3 4 4 4 4 4 4 4 4 1
3 3 0 0 0 0 0 1 1 1
0 3 0 1 1 1 1 1 0 0
0 3 3 1 0 0 0 0 0 0
41
41
total connected number4
total length41

real	1m5.786s
user	0m55.509s
sys	0m5.514s


10 4 3
0 0 0 0 0 0 0 0 0 0
0 0 0 0 0 0 - 0 0 0
0 0 0 3 0 0 0 0 0 0
0 0 0 0 0 0 0 0 0 -
0 0 0 0 3 2 0 0 0 0
0 0 1 0 0 0 0 0 0 0
0 0 0 0 0 0 0 0 0 0
0 0 0 0 0 0 0 0 0 0
4 0 4 1 0 0 0 0 0 0
0 0 0 0 0 0 0 0 2 -
optimizedget
0 0 0 0 0 0 0 0 0 0
0 0 0 0 0 0 0 0 0 0
0 0 0 3 0 0 0 0 0 0
0 0 0 3 0 0 0 0 0 0
0 0 0 3 3 2 0 0 0 0
0 0 1 1 0 2 0 0 0 0
0 0 0 1 0 2 0 0 0 0
0 0 0 1 0 2 0 0 0 0
4 4 4 1 0 2 0 0 0 0
0 0 0 0 0 2 2 2 2 0
21
21
total connected number4
total length21

real	0m4.370s
user	0m0.698s
sys	0m0.229s


