8 2 2
0 0 - 0 0 0 0 0
0 0 0 0 0 0 0 0
0 0 0 0 0 0 0 0
0 0 0 2 0 1 0 0
0 0 0 0 - 0 0 0
0 0 0 0 1 0 0 0
0 2 0 0 0 0 0 0
0 0 0 0 0 0 0 0
optimizedget
0 0 0 0 0 0 0 0
0 0 0 0 0 0 0 0
0 0 0 0 0 0 0 0
0 0 0 2 0 1 0 0
0 2 2 2 0 1 0 0
0 2 0 0 1 1 0 0
0 2 0 0 0 0 0 0
0 0 0 0 0 0 0 0
10
10
total connected number2
total length10

real	0m2.466s
user	0m0.060s
sys	0m0.027s

8 2 3
0 0 0 0 0 0 - 0
0 2 0 0 0 0 0 0
0 0 0 0 0 0 0 1
0 0 0 0 1 0 0 0
0 0 0 0 0 0 - 0
0 0 0 0 0 0 0 0
0 0 0 0 2 0 0 0
0 - 0 0 0 0 0 0
optimizedget
0 0 0 0 0 0 0 0
0 2 0 0 0 0 0 0
0 2 0 0 0 1 1 1
0 2 0 0 1 1 0 0
0 2 0 0 0 0 0 0
0 2 2 0 0 0 0 0
0 0 2 2 2 0 0 0
0 0 0 0 0 0 0 0
14
14
total connected number2
total length14

real	0m25.729s
user	0m0.117s
sys	0m0.057s


8 2 4
0 0 0 0 1 0 0 0
0 0 0 0 0 0 0 0
1 2 0 0 0 0 0 0
2 0 0 0 0 - 0 0
0 0 0 0 0 0 0 0
- 0 0 0 0 0 0 0
0 0 0 0 0 - 0 0
0 0 0 0 - 0 0 0
optimizedget
1 1 1 1 1 0 0 0
1 0 0 0 0 0 0 0
1 2 0 0 0 0 0 0
2 2 0 0 0 0 0 0
0 0 0 0 0 0 0 0
0 0 0 0 0 0 0 0
0 0 0 0 0 0 0 0
0 0 0 0 0 0 0 0
10
10
total connected number2
total length10

real	0m4.866s
user	0m0.097s
sys	0m0.035s

8 3 2
- 0 0 0 0 0 0 0
0 0 0 0 1 0 0 1
3 0 0 0 0 0 2 0
2 0 0 0 0 0 0 0
0 0 0 0 0 0 0 0
0 3 0 0 - 0 0 0
0 0 0 0 0 0 0 0
0 0 0 0 0 0 0 0
optimizedget
0 0 0 0 0 0 0 0
0 0 0 0 1 1 1 1
3 3 0 0 0 0 2 0
2 3 0 0 2 2 2 0
2 3 2 2 2 0 0 0
2 3 2 0 0 0 0 0
2 2 2 0 0 0 0 0
0 0 0 0 0 0 0 0
23
23
total connected number3
total length23

real	0m13.483s
user	0m0.371s
sys	0m0.129s

8 3 3
0 0 - 0 0 0 0 0
0 0 0 0 0 - 0 0
0 0 0 0 3 3 0 0
0 0 0 0 0 0 0 0
0 0 0 0 2 0 1 0
0 0 0 0 0 0 0 0
1 - 0 0 0 0 0 0
0 0 0 2 0 0 0 0
optimizedget
0 0 0 0 0 0 0 0
0 0 0 0 0 0 0 0
0 0 0 0 3 3 0 0
0 0 0 1 1 1 1 0
1 1 1 1 2 0 1 0
1 0 0 2 2 0 0 0
1 0 0 2 0 0 0 0
0 0 0 2 0 0 0 0
18
18
total connected number3
total length18

real	0m5.867s
user	0m0.215s
sys	0m0.075s

8 3 4
0 0 0 1 0 0 0 0
0 0 0 0 0 0 0 -
0 0 0 0 3 0 0 0
3 0 - 0 0 0 0 0
2 0 1 - 0 0 0 0
0 0 0 0 2 0 0 0
0 - 0 0 0 0 0 0
0 0 0 0 0 0 0 0
optimizedget
0 0 0 1 1 1 0 0
3 3 3 3 3 1 0 0
3 1 1 1 3 1 0 0
3 1 0 1 1 1 0 0
2 1 1 0 0 0 0 0
2 2 2 2 2 0 0 0
0 0 0 0 0 0 0 0
0 0 0 0 0 0 0 0
28
28
total connected number3
total length28

real	0m6.107s
user	0m0.354s
sys	0m0.126s



8 4 2
3 0 1 0 2 0 0 0
0 0 0 0 0 0 0 0
0 0 0 0 0 0 0 0
4 0 0 0 0 0 0 0
- 0 3 0 0 0 0 0
1 0 0 0 0 0 0 0
0 0 0 4 0 0 0 -
0 0 0 0 2 0 0 0
optimizedget
3 3 0 0 2 0 0 0
0 3 0 0 2 0 0 0
0 3 3 0 2 0 0 0
4 4 3 0 2 0 0 0
0 4 3 0 2 0 0 0
0 4 0 0 2 0 0 0
0 4 4 4 2 0 0 0
0 0 0 0 2 0 0 0
2022
2022
total connected number3
total length22

real	0m4.645s
user	0m2.018s
sys	0m0.397s


8 4 3
0 0 0 0 0 0 4 0
0 0 0 0 0 2 0 0
2 0 0 - 0 0 0 0
0 0 0 0 0 0 0 3
0 0 0 1 - 0 0 0
0 0 0 0 0 0 0 0
4 - 0 0 1 0 0 0
0 0 0 0 0 0 3 0
optimizedget
0 0 0 0 0 0 4 0
0 0 2 2 2 2 4 0
2 2 2 0 4 4 4 0
4 4 4 4 4 0 0 3
4 0 0 1 0 0 0 3
4 0 0 1 1 0 0 3
4 0 0 0 1 0 3 3
0 0 0 0 0 0 3 0
30
30
total connected number4
total length30

real	0m4.156s
user	0m0.716s
sys	0m0.190s

8 4 4
0 1 0 0 0 0 0 0
0 0 - 2 - 2 0 0
0 0 - 0 0 0 4 0
- 1 4 0 0 0 0 0
3 0 0 0 0 0 0 0
0 0 0 0 0 0 0 0
0 0 0 0 0 0 0 0
0 0 0 0 0 0 3 0
optimizedget
0 1 0 2 2 2 0 0
0 1 0 2 0 2 0 0
0 1 0 4 4 4 4 0
0 1 4 4 0 0 0 0
3 0 0 0 0 0 0 0
3 0 0 0 0 0 0 0
3 0 0 0 0 0 0 0
3 3 3 3 3 3 3 0
25
25
total connected number4
total length25

real	0m2.175s
user	0m0.214s
sys	0m0.097s

