9 2 2
0 0 0 1 0 0 0 0 0
0 0 0 0 - 0 0 0 0
0 0 0 0 0 0 0 0 0
0 0 0 0 0 0 0 0 0
0 0 0 0 0 0 0 0 1
0 0 0 0 0 0 0 0 0
0 0 0 0 0 0 0 - 2
0 0 0 0 0 0 0 0 0
0 2 0 0 0 0 0 0 0
optimizedget
0 0 0 1 1 1 1 0 0
0 0 0 0 0 0 1 1 0
0 0 0 0 0 0 0 1 1
0 0 0 0 0 0 0 0 1
0 0 0 0 0 0 0 0 1
0 0 0 0 0 0 0 0 0
0 0 0 0 0 0 0 0 2
0 0 0 0 0 0 0 0 2
0 2 2 2 2 2 2 2 2
20
20
total connected number2
total length20

real	0m5.175s
user	0m0.267s
sys	0m0.111s

9 2 3
0 1 0 0 0 0 0 0 0
0 0 0 2 0 0 0 0 0
0 0 0 0 0 0 0 0 0
1 0 0 0 0 0 0 - 0
0 0 0 0 0 0 0 0 0
0 0 0 0 0 0 0 0 0
0 2 0 0 0 0 0 0 0
- 0 0 0 0 0 0 0 -
0 0 0 0 0 0 0 0 0
optimizedget
1 1 0 0 0 0 0 0 0
1 2 2 2 0 0 0 0 0
1 2 0 0 0 0 0 0 0
1 2 0 0 0 0 0 0 0
0 2 0 0 0 0 0 0 0
0 2 0 0 0 0 0 0 0
0 2 0 0 0 0 0 0 0
0 0 0 0 0 0 0 0 0
0 0 0 0 0 0 0 0 0
13
13
total connected number2
total length13

real	0m2.852s
user	0m0.342s
sys	0m0.115s

9 2 4
0 0 0 0 0 0 0 0 0
0 0 0 0 0 0 0 0 0
0 0 0 0 0 0 0 - 0
0 0 0 0 0 0 0 0 0
0 0 - 0 0 0 0 0 0
0 0 0 - 0 0 0 0 2
0 1 1 0 0 - 0 0 0
0 0 0 0 0 0 0 2 0
0 0 0 0 0 0 0 0 0
optimizedget
0 0 0 0 0 0 0 0 0
0 0 0 0 0 0 0 0 0
0 0 0 0 0 0 0 0 0
0 0 0 0 0 0 0 0 0
0 0 0 0 0 0 0 0 0
0 0 0 0 0 0 0 2 2
0 1 1 0 0 0 0 2 0
0 0 0 0 0 0 0 2 0
0 0 0 0 0 0 0 0 0
6
6
total connected number2
total length6

real	0m1.457s
user	0m0.057s
sys	0m0.024s


9 3 2
0 0 0 1 0 0 0 0 0
0 0 3 0 0 0 - 0 0
0 0 3 0 0 0 0 0 0
0 2 1 0 0 0 0 0 0
0 0 0 0 0 0 2 0 0
0 0 - 0 0 0 0 0 0
0 0 0 0 0 0 0 0 0
0 0 0 0 0 0 0 0 0
0 0 0 0 0 0 0 0 0
optimizedget
0 0 0 1 0 0 0 0 0
0 0 3 1 0 0 0 0 0
0 0 3 1 0 0 0 0 0
0 2 1 1 0 0 0 0 0
0 2 2 2 2 2 2 0 0
0 0 0 0 0 0 0 0 0
0 0 0 0 0 0 0 0 0
0 0 0 0 0 0 0 0 0
0 0 0 0 0 0 0 0 0
14
14
total connected number3
total length14

real	0m3.533s
user	0m0.210s
sys	0m0.084s


9 3 3
0 - 0 0 0 0 0 0 0
0 2 0 0 0 0 0 0 0
- 0 - 0 3 0 0 0 0
0 0 0 0 0 0 0 0 0
0 0 0 3 0 0 0 1 2
0 0 0 0 0 0 0 0 0
0 0 0 0 0 0 0 1 0
0 0 0 0 0 0 0 0 0
0 0 0 0 0 0 0 0 0
optimizedget
0 0 0 0 0 0 0 0 0
0 2 2 2 2 2 2 2 0
0 0 0 0 3 0 0 2 2
0 0 0 0 3 0 0 0 2
0 0 0 3 3 0 0 1 2
0 0 0 0 0 0 0 1 0
0 0 0 0 0 0 0 1 0
0 0 0 0 0 0 0 0 0
0 0 0 0 0 0 0 0 0
18
18
total connected number3
total length18

real	0m2.539s
user	0m0.834s
sys	0m0.223s


9 3 4
0 0 0 0 0 0 0 0 0
0 0 0 0 0 3 2 0 0
0 0 0 0 0 0 0 0 0
0 0 0 0 2 0 0 0 0
0 0 0 0 0 0 0 - 0
0 0 0 0 - 0 0 0 0
0 0 0 0 1 0 3 0 0
0 0 0 0 0 0 0 0 0
0 - - 0 0 0 0 0 1
optimizedget
0 0 0 0 2 2 2 0 0
0 0 0 0 2 3 2 0 0
0 0 0 0 2 3 0 0 0
0 0 0 0 2 3 0 0 0
0 0 0 0 0 3 0 0 0
0 0 0 0 0 3 0 0 0
0 0 0 0 1 3 3 0 0
0 0 0 0 1 0 0 0 0
0 0 0 0 1 1 1 1 1
21
21
total connected number3
total length21

real	0m3.399s
user	0m0.386s
sys	0m0.146s

9 4 2
0 0 0 0 0 0 1 0 0
0 0 0 0 0 0 3 0 0
0 - 2 0 0 0 0 0 0
0 0 0 0 - 0 0 0 0
4 0 0 0 0 0 0 0 0
1 0 0 0 0 0 0 0 0
2 0 0 0 0 0 0 0 0
0 0 0 0 0 3 0 0 0
4 0 0 0 0 0 0 0 0
optimizedget
0 0 0 0 0 1 1 0 0
1 1 1 1 1 1 3 0 0
1 0 2 0 0 3 3 0 0
1 0 2 0 0 3 0 0 0
1 0 2 0 0 3 0 0 0
1 0 2 0 0 3 0 0 0
2 2 2 0 0 3 0 0 0
0 0 0 0 0 3 0 0 0
0 0 0 0 0 0 0 0 0
2027
2027
total connected number3
total length27

real	0m48.369s
user	0m41.506s
sys	0m4.743s


9 4 3
0 0 0 0 0 0 0 0 0
0 2 0 4 0 0 0 0 -
0 - 3 0 0 1 0 0 0
0 0 0 0 0 0 0 0 0
0 4 3 0 0 0 0 0 0
0 - 0 0 0 0 0 0 0
0 0 0 0 0 1 0 0 0
0 0 0 0 0 0 0 0 0
0 0 0 0 0 0 0 2 0
optimizedget
0 2 2 2 2 2 0 0 0
0 2 0 4 0 2 2 0 0
0 0 3 4 0 1 2 0 0
0 0 3 4 0 1 2 0 0
4 4 3 4 0 1 2 0 0
4 0 0 4 0 1 2 2 0
4 4 4 4 0 1 0 2 0
0 0 0 0 0 0 0 2 0
0 0 0 0 0 0 0 2 0
36
36
total connected number4
total length36

real	0m11.323s
user	0m5.920s
sys	0m0.765s


9 4 4
0 0 0 0 0 0 0 0 4
1 0 0 0 0 0 0 1 -
0 0 0 0 0 0 0 0 0
0 0 0 0 4 0 0 0 0
0 0 3 0 0 0 - 3 2
0 0 0 0 0 - 0 0 0
0 2 0 0 0 0 0 0 0
0 0 0 0 0 0 0 0 0
0 0 - 0 0 0 0 0 0
optimizedget
0 0 0 0 0 4 4 4 4
1 0 0 0 4 4 1 1 0
1 0 0 0 4 1 1 0 0
1 1 1 1 4 1 0 0 0
0 0 3 1 1 1 0 3 2
0 0 3 0 0 0 0 3 2
0 2 3 3 3 3 3 3 2
0 2 2 2 2 2 2 2 2
0 0 0 0 0 0 0 0 0
44
44
total connected number4
total length44

real	0m7.070s
user	0m5.223s
sys	0m0.699s


