10 5 3
- 0 0 0 0 0 2 0 0 0
0 0 0 0 0 0 0 2 0 0
0 0 0 0 0 0 0 0 1 0
0 0 0 0 0 0 0 0 0 0
0 0 0 3 0 0 0 0 0 0
0 0 0 0 0 0 0 0 - 0
0 0 0 0 0 0 0 0 0 4
0 0 0 0 - 0 0 0 0 0
0 0 4 0 0 5 5 0 0 0
0 0 0 0 0 0 3 0 0 1
wodiaole!!!
optimizedget
asdfasdfasdf
source and target
droplet

fluidic

blockages

hhh
0 0 0 0 0 0 2 2 0 0
1 1 1 1 1 1 1 2 0 0
1 4 4 4 4 4 1 1 1 0
1 4 1 1 1 4 0 0 0 0
1 4 1 3 1 4 4 4 4 4
1 4 1 3 1 1 1 1 0 4
1 4 1 3 3 3 0 1 1 4
1 4 1 1 0 3 3 3 1 0
1 4 4 1 0 5 5 3 1 0
1 1 1 1 0 0 3 3 1 1
77

real	5m24.861s
user	4m35.533s
sys	0m18.641s


songshihongdeMacBook-Pro:individual project songshihong$ time ./main
10 10 10
0 6 - 0 0 0 - - 0 10
0 0 2 0 5 3 0 0 9 9
- 5 0 0 - 0 0 0 0 0
0 0 - 2 0 4 0 0 6 0
0 7 0 0 0 0 7 0 0 0
0 0 0 0 0 0 0 0 0 0
0 0 0 0 4 0 0 1 0 -
0 0 0 - 0 1 8 0 0 0
0 10 0 0 0 3 0 0 0 -
0 8 0 0 0 0 0 0 - 0
wodiaole!!!
optimizedget
asdfasdfasdf
source and target
droplet

fluidic

blockages

hhh
0 0 0 0 0 0 0 0 0 0
0 0 2 2 0 0 0 0 9 9
0 0 0 2 0 0 0 0 0 0
0 0 0 2 0 4 4 4 0 0
0 7 7 7 7 7 7 4 0 0
0 0 0 0 4 4 4 4 0 0
0 0 0 0 4 1 1 1 0 0
0 0 0 0 0 1 8 0 0 0
0 0 0 0 0 0 8 0 0 0
0 8 8 8 8 8 8 0 0 0
8033

real	12m44.749s
user	12m14.431s
sys	0m18.529s

10 3 20
- - - 2 0 0 0 0 0 0
0 - 1 0 0 0 - 0 0 -
0 0 0 - 0 0 - - 0 0
0 0 0 - 3 0 0 0 0 -
- 0 0 0 3 0 0 0 - 0
0 0 0 0 0 0 0 0 0 0
- 0 - 0 0 0 0 0 0 -
0 0 - 0 0 0 0 - 0 2
0 0 0 0 0 - 1 0 0 0
0 0 0 0 0 0 0 0 0 -
optimizedget
0 0 0 2 2 0 0 0 0 0
0 0 1 0 2 2 0 0 0 0
0 0 1 0 0 2 0 0 0 0
0 0 1 0 3 2 2 0 0 0
0 0 1 0 3 0 2 0 0 0
0 0 1 1 1 0 2 2 2 0
0 0 0 0 1 1 1 0 2 0
0 0 0 0 0 0 1 0 2 2
0 0 0 0 0 0 1 0 0 0
0 0 0 0 0 0 0 0 0 0
28

10 3 20
1 - 0 0 1 0 0 0 3 0
0 0 - 0 0 - 0 0 2 0
0 - 0 0 0 0 - - 0 0
0 0 - 0 - 0 0 0 - 0
- - 2 0 0 0 0 0 0 0
0 0 0 0 0 0 - 0 0 0
0 0 0 0 3 0 0 - 0 0
0 0 0 - 0 0 - 0 0 0
0 0 - 0 0 - - 0 - 0
0 - 0 0 0 0 0 0 0 0
optimizedget
0 0 0 0 2 2 2 0 3 3
0 0 0 0 2 0 2 2 2 3
0 0 0 2 2 0 0 0 0 3
0 0 0 2 0 0 0 0 0 3
0 0 2 2 3 3 3 3 3 3
0 0 0 0 3 0 0 0 0 0
0 0 0 0 3 0 0 0 0 0
0 0 0 0 0 0 0 0 0 0
0 0 0 0 0 0 0 0 0 0
0 0 0 0 0 0 0 0 0 0
2025

10 3 20
0 0 0 0 0 0 - 0 0 0
0 0 0 0 0 3 0 0 0 -
0 - 0 - 0 0 0 0 0 0
0 0 1 0 0 0 0 0 0 0
- - 0 0 0 - 0 0 0 0
0 - 0 0 0 - 0 0 0 0
3 - - 0 0 0 - - 0 -
0 0 2 0 0 - - 0 0 0
- 2 0 0 0 - - 0 - 0
0 0 0 0 0 0 0 0 0 1
optimizedget
0 0 0 0 0 0 0 0 0 0
0 0 0 0 0 0 0 0 0 0
0 0 0 0 0 0 0 0 0 0
0 0 1 1 1 1 1 0 0 0
0 0 0 0 0 0 1 0 0 0
0 0 0 0 0 0 1 1 1 0
0 0 0 0 0 0 0 0 1 0
0 2 2 0 0 0 0 0 1 1
0 2 0 0 0 0 0 0 0 1
0 0 0 0 0 0 0 0 0 1
2017

