0 0 - 0 0 0 0 0 0 0 
0 0 0 1 0 4 0 0 0 0 
0 - 0 0 0 0 0 1 3 0 
0 0 4 0 0 0 0 0 0 0 
0 2 0 0 0 0 0 0 0 0 
- 0 0 0 0 0 0 0 0 0 
0 0 0 2 0 0 0 0 0 0 
0 0 0 0 0 0 0 0 0 0 
0 0 0 0 0 0 0 0 0 0 
0 0 0 3 0 0 0 0 0 0 
Computing...
optimizedget
total connected number: 4
total length: 32
run time of algorthm: 37.8244 s
0 0 0 0 1 1 1 0 0 0 
0 0 0 1 1 4 1 0 0 0 
0 0 0 4 4 4 1 1 3 0 
0 0 4 4 3 3 3 3 3 0 
0 2 2 0 3 0 0 0 0 0 
0 0 2 2 3 0 0 0 0 0 
0 0 0 2 3 0 0 0 0 0 
0 0 0 0 3 0 0 0 0 0 
0 0 0 3 3 0 0 0 0 0 
0 0 0 3 0 0 0 0 0 0 
testing
valid
