1 0 0 0 0 0 0 0 0 0 
2 0 0 0 0 0 0 0 0 0 
0 0 0 0 0 0 0 0 0 0 
0 0 0 0 0 0 0 0 0 0 
0 0 0 0 0 0 - 0 0 0 
0 0 0 0 0 0 0 0 0 0 
0 0 0 1 0 0 0 0 0 0 
- 0 0 0 0 0 0 0 0 0 
0 0 0 0 0 0 0 - 0 0 
0 2 0 0 0 0 0 0 0 0 
Computing...
optimizedget
total connected number: 2
total length: 20
run time of algorthm: 2.06849 s
1 1 0 0 0 0 0 0 0 0 
2 1 0 0 0 0 0 0 0 0 
2 1 0 0 0 0 0 0 0 0 
2 1 0 0 0 0 0 0 0 0 
2 1 1 1 0 0 0 0 0 0 
2 2 0 1 0 0 0 0 0 0 
0 2 0 1 0 0 0 0 0 0 
0 2 0 0 0 0 0 0 0 0 
0 2 0 0 0 0 0 0 0 0 
0 2 0 0 0 0 0 0 0 0 
testing
valid
