0 0 0 0 0 0 0 0 0 0 
0 0 0 0 0 0 0 - 0 0 
0 1 0 0 0 0 0 0 0 0 
0 0 0 0 0 0 0 0 0 0 
0 0 0 0 0 0 0 0 0 0 
0 0 0 - 0 0 0 0 0 0 
0 0 0 2 0 0 0 0 1 2 
0 0 0 0 0 0 0 0 0 0 
0 0 0 0 0 0 - 0 0 0 
0 0 0 0 0 0 0 0 0 0 
Computing...
optimizedget
total connected number: 2
total length: 21
run time of algorthm: 1.14286 s
0 0 0 0 0 0 0 0 0 0 
0 0 0 0 0 0 0 0 0 0 
0 1 1 1 1 1 1 1 1 0 
0 0 0 0 0 0 0 0 1 0 
0 0 0 0 0 0 0 0 1 0 
0 0 0 0 0 0 0 0 1 0 
0 0 0 2 2 2 2 2 1 2 
0 0 0 0 0 0 0 2 2 2 
0 0 0 0 0 0 0 0 0 0 
0 0 0 0 0 0 0 0 0 0 
testing
valid
