0 0 0 2 0 0 0 0 0 0 
0 0 - 0 0 0 0 0 0 - 
0 0 0 0 0 0 0 0 1 0 
0 0 0 0 0 0 0 0 0 0 
0 0 0 0 0 0 0 0 0 0 
0 - 0 0 0 0 0 0 0 0 
0 0 0 0 0 0 0 0 0 0 
0 0 0 0 0 0 0 0 0 0 
0 0 0 0 0 1 0 2 0 0 
0 0 0 0 0 0 0 0 0 0 
Computing...
optimizedget
total connected number: 2
total length: 25
run time of algorthm: 6.91696 s
0 0 0 2 0 0 0 0 0 0 
0 0 0 2 0 0 0 0 0 0 
0 0 0 2 0 0 0 0 1 0 
0 0 0 2 0 0 0 0 1 0 
0 0 0 2 0 0 0 0 1 0 
0 0 0 2 0 0 0 0 1 0 
0 0 0 2 0 0 0 0 1 0 
0 0 0 2 2 2 2 0 1 0 
0 0 0 0 0 1 2 2 1 0 
0 0 0 0 0 1 1 1 1 0 
testing
valid
