- 2 0 0 0 0 0 0 0 0 
0 0 0 0 0 0 0 0 0 0 
0 0 0 0 0 0 0 0 0 - 
0 0 0 0 0 0 0 0 0 0 
0 0 0 0 0 0 1 - 0 0 
0 0 0 0 2 0 0 0 0 0 
0 0 0 0 0 0 0 0 0 0 
0 0 0 0 0 0 0 0 0 0 
0 0 0 0 0 0 0 0 0 0 
0 0 0 0 0 0 0 0 1 0 
Computing...
optimizedget
total connected number: 2
total length: 17
run time of algorthm: 1.64477 s
0 2 0 0 0 0 0 0 0 0 
0 2 2 0 0 0 0 0 0 0 
0 0 2 2 2 0 0 0 0 0 
0 0 0 0 2 0 0 0 0 0 
0 0 0 0 2 0 1 0 0 0 
0 0 0 0 2 0 1 0 0 0 
0 0 0 0 0 0 1 1 0 0 
0 0 0 0 0 0 0 1 0 0 
0 0 0 0 0 0 0 1 0 0 
0 0 0 0 0 0 0 1 1 0 
testing
valid
