0 0 - 0 0 0 0 - 0 0 
0 0 0 0 0 0 0 0 0 0 
0 0 - 0 0 0 0 0 0 0 
0 0 0 0 0 1 0 0 3 0 
0 0 0 0 0 1 0 0 0 0 
0 0 0 0 0 0 0 0 0 0 
0 0 0 0 0 0 0 4 0 0 
0 0 0 - 0 0 0 0 2 0 
0 0 0 0 0 0 0 0 0 0 
0 0 4 0 0 0 2 3 0 0 
Computing...
optimizedget
total connected number: 4
total length: 26
run time of algorthm: 0.422533 s
0 0 0 0 0 0 0 0 0 0 
0 0 0 0 0 0 0 0 0 0 
0 0 0 0 0 0 0 0 0 0 
0 0 0 0 0 1 0 0 3 3 
0 0 0 0 0 1 0 0 0 3 
0 0 0 0 0 0 0 0 0 3 
0 0 4 4 4 4 4 4 0 3 
0 0 4 0 0 0 2 2 2 3 
0 0 4 0 0 0 2 0 0 3 
0 0 4 0 0 0 2 3 3 3 
testing
valid
