0 0 0 0 0 0 0 0 0 0 
0 0 0 0 0 0 0 0 1 0 
0 0 0 0 0 3 2 0 0 0 
0 0 0 2 0 0 0 - 0 0 
4 0 0 0 0 - 0 0 0 3 
0 0 0 0 0 0 0 0 4 0 
0 0 0 0 0 0 0 0 0 0 
0 0 0 0 0 0 0 0 0 0 
1 0 0 0 0 0 0 0 0 0 
0 0 0 0 0 - 0 0 0 0 
Computing...
optimizedget
total connected number: 4
total length: 58
run time of algorthm: 1.13969 s
4 4 4 4 4 4 4 4 4 4 
4 1 1 1 1 1 1 1 1 4 
4 1 3 3 3 3 2 0 4 4 
4 1 3 2 2 2 2 0 4 0 
4 1 3 3 3 0 0 0 4 3 
0 1 0 0 3 3 3 0 4 3 
0 1 0 0 0 0 3 3 3 3 
0 1 0 0 0 0 0 0 0 0 
1 1 0 0 0 0 0 0 0 0 
0 0 0 0 0 0 0 0 0 0 
testing
valid
