0 4 3 0 0 0 0 0 0 0 
0 0 0 0 0 - 0 0 0 0 
4 0 1 0 0 0 0 0 0 0 
0 0 0 0 0 0 0 0 0 - 
0 0 0 0 0 2 0 0 0 0 
0 0 0 1 0 0 0 0 - 0 
0 0 0 0 0 0 0 0 0 0 
0 0 0 0 0 0 0 0 0 0 
0 0 3 0 0 0 0 0 0 0 
0 0 0 2 0 0 0 0 0 0 
Computing...
optimizedget
total connected number: 4
total length: 28
run time of algorthm: 0.674103 s
4 4 3 0 0 0 0 0 0 0 
4 3 3 0 0 0 0 0 0 0 
4 3 1 1 0 0 0 0 0 0 
0 3 0 1 0 0 0 0 0 0 
0 3 3 1 0 2 0 0 0 0 
0 0 3 1 0 2 0 0 0 0 
0 0 3 0 0 2 0 0 0 0 
0 0 3 0 0 2 0 0 0 0 
0 0 3 0 0 2 0 0 0 0 
0 0 0 2 2 2 0 0 0 0 
testing
valid
