0 0 0 0 0 0 0 0 0 0 
0 1 0 0 - 0 0 0 0 0 
0 0 0 0 0 0 0 0 0 0 
0 3 0 0 0 0 0 0 0 0 
0 0 0 0 0 0 0 0 0 0 
0 0 0 4 0 0 0 0 0 0 
0 0 0 0 0 0 0 0 - 0 
0 0 0 0 0 0 0 0 0 0 
- 0 0 0 0 0 2 3 0 0 
0 1 0 4 0 2 0 0 0 0 
Computing...
optimizedget
total connected number: 4
total length: 31
run time of algorthm: 1.56321 s
0 0 0 0 0 0 0 0 0 0 
1 1 0 0 0 0 0 0 0 0 
1 0 0 0 0 0 0 0 0 0 
1 3 3 3 0 0 0 0 0 0 
1 0 0 3 3 3 0 0 0 0 
1 0 0 4 0 3 3 0 0 0 
1 0 0 4 0 0 3 3 0 0 
1 1 0 4 0 0 0 3 0 0 
0 1 0 4 0 2 2 3 0 0 
0 1 0 4 0 2 0 0 0 0 
testing
valid
