0 0 0 0 0 0 0 - 0 0 
0 0 0 0 0 0 0 0 0 0 
0 0 0 0 0 0 0 0 0 0 
0 0 0 2 0 0 0 0 0 0 
0 0 0 0 0 0 0 0 0 0 
0 0 0 0 0 0 0 0 - 0 
0 0 0 1 0 0 0 0 0 - 
0 0 0 0 0 0 0 0 - 0 
0 0 2 1 0 0 0 0 0 0 
0 0 0 0 0 0 0 0 0 0 
Computing...
optimizedget
total connected number: 2
total length: 10
run time of algorthm: 0.084688 s
0 0 0 0 0 0 0 0 0 0 
0 0 0 0 0 0 0 0 0 0 
0 0 0 0 0 0 0 0 0 0 
0 0 0 2 0 0 0 0 0 0 
0 0 0 2 0 0 0 0 0 0 
0 0 2 2 0 0 0 0 0 0 
0 0 2 1 0 0 0 0 0 0 
0 0 2 1 0 0 0 0 0 0 
0 0 2 1 0 0 0 0 0 0 
0 0 0 0 0 0 0 0 0 0 
testing
valid
