0 1 0 0 0 0 0 0 0 0 
0 0 0 0 0 0 0 0 0 0 
2 0 - 0 1 0 0 0 0 0 
- 0 0 0 0 0 0 0 0 0 
0 3 0 0 0 0 0 0 0 0 
0 0 0 0 0 0 0 0 0 0 
0 0 0 0 0 0 0 0 0 0 
0 - 0 0 0 0 0 0 3 0 
0 0 0 0 0 0 0 0 0 0 
0 - 0 0 0 0 0 0 0 2 
Computing...
optimizedget
total connected number: 3
total length: 34
run time of algorthm: 28.4368 s
0 1 0 0 0 0 0 0 0 0 
0 1 1 1 1 0 0 0 0 0 
2 2 0 0 1 0 0 0 0 0 
0 2 2 2 0 0 0 0 0 0 
0 3 0 2 0 0 0 0 0 0 
0 3 3 2 2 2 0 0 0 0 
0 0 3 0 0 2 2 2 2 2 
0 0 3 3 3 3 3 3 3 2 
0 0 0 0 0 0 0 0 0 2 
0 0 0 0 0 0 0 0 0 2 
testing
valid
