0 0 0 0 - 0 3 0 0 0 
0 0 1 0 0 0 0 0 0 0 
0 0 - 0 0 0 0 0 0 0 
2 0 0 0 0 0 0 0 0 0 
0 0 0 0 0 0 0 0 0 0 
- 0 0 0 0 0 0 0 1 0 
0 0 0 0 0 0 0 0 0 - 
0 0 0 0 0 0 0 0 0 0 
0 0 0 0 0 0 0 0 0 0 
3 0 0 0 0 0 0 0 2 0 
Computing...
optimizedget
total connected number: 2
total length: 26
run time of algorthm: 35.7454 s
0 0 0 0 0 0 0 0 0 0 
0 0 1 1 0 0 0 0 0 0 
0 0 0 1 0 0 0 0 0 0 
2 2 0 1 1 0 0 0 0 0 
0 2 0 0 1 1 1 1 1 0 
0 2 0 0 0 0 0 0 1 0 
0 2 0 0 0 0 0 0 0 0 
0 2 0 0 0 0 0 0 0 0 
0 2 0 0 0 0 0 0 0 0 
0 2 2 2 2 2 2 2 2 0 
testing
valid
