0 0 1 0 0 0 0 0 0 0 
0 0 0 0 0 0 0 0 0 0 
0 0 0 0 3 0 0 0 0 0 
0 0 0 0 0 3 0 0 0 0 
0 0 0 0 0 0 0 0 0 0 
2 0 0 0 0 0 0 0 0 0 
0 0 0 0 0 0 0 0 0 2 
0 0 0 0 0 0 0 0 0 0 
- 0 0 0 0 0 0 0 0 0 
0 - - - 0 0 0 0 0 1 
Computing...
optimizedget
total connected number: 2
total length: 14
run time of algorthm: 412.179 s
0 0 0 0 0 0 0 0 0 0 
0 0 0 0 0 0 0 0 0 0 
0 0 0 0 3 0 0 0 0 0 
0 0 0 0 3 3 0 0 0 0 
0 0 0 0 0 0 0 0 0 0 
2 2 2 2 2 2 2 2 2 2 
0 0 0 0 0 0 0 0 0 2 
0 0 0 0 0 0 0 0 0 0 
0 0 0 0 0 0 0 0 0 0 
0 0 0 0 0 0 0 0 0 0 
testing
valid
