0 0 0 0 0 0 0 0 0 0 
0 0 0 0 0 0 0 0 0 0 
0 0 0 0 0 0 0 0 0 0 
0 0 0 3 0 0 0 - 0 0 
0 0 1 2 0 0 0 0 0 0 
0 0 0 0 0 0 - 0 0 0 
0 0 0 0 0 0 3 0 0 0 
0 0 0 0 0 0 0 0 0 0 
0 0 0 0 0 0 0 0 0 0 
0 1 0 0 2 0 0 0 0 0 
Computing...
optimizedget
total connected number: 3
total length: 21
run time of algorthm: 1.07079 s
0 0 0 0 0 0 0 0 0 0 
0 0 0 0 0 0 0 0 0 0 
0 0 0 0 0 0 0 0 0 0 
0 0 0 3 3 0 0 0 0 0 
0 1 1 2 3 0 0 0 0 0 
0 1 0 2 3 0 0 0 0 0 
0 1 0 2 3 3 3 0 0 0 
0 1 0 2 0 0 0 0 0 0 
0 1 0 2 2 0 0 0 0 0 
0 1 0 0 2 0 0 0 0 0 
testing
valid
