0 0 0 0 0 0 0 0 - 0 
0 0 2 0 0 0 0 0 0 0 
0 - 0 0 0 0 0 0 0 0 
0 0 0 0 0 0 0 0 - 0 
0 0 0 0 0 - 1 0 0 0 
0 0 0 1 0 0 0 0 0 0 
0 0 0 0 0 0 0 2 0 0 
0 0 0 0 0 0 0 0 0 0 
0 0 0 0 0 0 0 0 0 0 
0 0 0 0 0 0 0 0 0 0 
Computing...
optimizedget
total connected number: 2
total length: 16
run time of algorthm: 0.49948 s
0 0 0 0 0 0 0 0 0 0 
0 0 2 0 0 0 0 0 0 0 
0 0 2 2 0 0 0 0 0 0 
0 0 0 2 2 2 2 2 0 0 
0 0 0 0 0 0 1 2 0 0 
0 0 0 1 1 1 1 2 0 0 
0 0 0 0 0 0 0 2 0 0 
0 0 0 0 0 0 0 0 0 0 
0 0 0 0 0 0 0 0 0 0 
0 0 0 0 0 0 0 0 0 0 
testing
valid
