2 0 0 0 0 0 0 0 0 0 
0 0 0 0 0 0 0 0 0 0 
0 0 0 0 0 0 0 0 0 0 
0 0 0 0 0 0 0 0 0 0 
0 0 0 - 0 0 0 1 0 0 
0 0 0 0 0 0 0 0 0 0 
- 0 0 0 1 0 0 0 0 0 
2 0 0 0 0 0 0 0 0 0 
- 0 0 0 0 0 0 0 0 - 
0 0 0 0 0 0 0 0 0 0 
Computing...
optimizedget
total connected number: 2
total length: 16
run time of algorthm: 0.227025 s
2 0 0 0 0 0 0 0 0 0 
2 0 0 0 0 0 0 0 0 0 
2 0 0 0 0 0 0 0 0 0 
2 0 0 0 0 0 0 0 0 0 
2 2 0 0 0 1 1 1 0 0 
0 2 0 0 0 1 0 0 0 0 
0 2 0 0 1 1 0 0 0 0 
2 2 0 0 0 0 0 0 0 0 
0 0 0 0 0 0 0 0 0 0 
0 0 0 0 0 0 0 0 0 0 
testing
valid
