0 0 0 0 0 0 0 2 0 0 
1 0 3 0 0 0 0 0 0 0 
0 0 0 0 0 0 0 0 0 0 
0 0 0 0 0 - 0 0 0 0 
0 0 0 0 0 0 0 0 0 0 
0 0 4 0 0 0 0 0 0 0 
0 0 0 0 2 0 0 0 0 0 
0 3 0 - 0 0 0 0 0 1 
0 0 0 0 0 0 0 0 0 0 
0 0 0 0 0 0 0 0 0 4 
Computing...
optimizedget
total connected number: 3
total length: 30
run time of algorthm: 29.9187 s
0 0 0 0 0 0 0 2 0 0 
0 3 3 0 0 0 0 2 0 0 
0 3 0 0 0 0 0 2 0 0 
0 3 0 0 0 0 0 2 0 0 
0 3 0 0 0 0 0 2 0 0 
0 3 4 0 0 0 0 2 0 0 
0 3 4 0 2 2 2 2 0 0 
0 3 4 0 0 0 0 0 0 0 
0 0 4 4 4 4 4 0 0 0 
0 0 0 0 0 0 4 4 4 4 
testing
valid
