3 0 0 0 0 2 0 0 1 0 
0 0 0 0 0 0 0 0 0 0 
0 0 0 0 0 0 1 0 0 0 
0 0 0 0 0 0 0 0 0 4 
0 0 0 0 0 0 0 0 0 0 
0 0 0 0 0 0 0 0 0 0 
0 0 0 - 0 0 0 0 0 0 
0 4 0 0 0 2 0 0 0 0 
0 0 0 0 0 0 0 0 0 0 
0 0 0 3 0 0 - 0 0 0 
Computing...
optimizedget
total connected number: 4
total length: 41
run time of algorthm: 1.61144 s
3 0 0 0 0 2 1 1 1 0 
3 0 0 0 0 2 1 0 0 0 
3 0 0 0 0 2 1 0 0 0 
3 0 0 0 0 2 0 0 0 4 
3 0 0 0 0 2 0 0 0 4 
3 0 0 0 0 2 0 0 0 4 
3 0 0 0 0 2 0 0 0 4 
3 4 0 0 0 2 0 0 0 4 
3 4 4 4 4 4 4 4 4 4 
3 3 3 3 0 0 0 0 0 0 
testing
valid
