0 0 0 0 0 0 0 0 0 0 
0 0 0 0 0 0 0 0 0 0 
0 - 0 0 0 0 0 0 0 0 
0 0 0 0 0 0 0 0 0 0 
0 0 0 0 0 0 0 0 0 0 
0 0 0 0 0 0 0 0 0 3 
0 0 1 0 0 0 0 0 0 0 
0 0 2 1 0 0 0 0 0 0 
0 0 0 0 0 0 0 - 0 0 
0 3 0 0 0 0 0 0 0 2 
Computing...
optimizedget
total connected number: 3
total length: 26
run time of algorthm: 58.1974 s
0 0 0 0 0 0 0 0 0 0 
0 0 0 0 0 0 0 0 0 0 
0 0 0 0 0 0 0 0 0 0 
0 0 0 0 0 0 0 0 0 0 
0 0 0 0 0 0 0 0 0 0 
0 3 3 3 3 3 3 3 3 3 
0 3 1 1 0 0 0 0 0 0 
0 3 2 1 0 0 0 0 0 0 
0 3 2 0 0 0 0 0 0 0 
0 3 2 2 2 2 2 2 2 2 
testing
valid
