0 0 0 0 0 0 0 0 0 - 
0 0 0 0 0 0 0 0 0 0 
0 1 3 0 0 0 0 0 0 0 
0 0 0 0 0 2 3 0 0 0 
0 0 0 0 0 1 0 0 0 0 
0 0 - 0 0 0 0 0 0 0 
0 0 0 0 0 0 0 0 0 0 
0 0 0 0 0 0 0 0 0 0 
0 0 0 0 0 2 0 0 0 0 
0 0 0 0 0 0 0 0 0 0 
Computing...
optimizedget
total connected number: 3
total length: 27
run time of algorthm: 34.6028 s
0 0 0 0 0 0 0 0 0 0 
0 1 1 1 1 1 1 1 0 0 
0 1 3 3 3 3 3 1 0 0 
0 0 0 0 2 2 3 1 0 0 
0 0 0 0 2 1 1 1 0 0 
0 0 0 0 2 0 0 0 0 0 
0 0 0 0 2 0 0 0 0 0 
0 0 0 0 2 0 0 0 0 0 
0 0 0 0 2 2 0 0 0 0 
0 0 0 0 0 0 0 0 0 0 
testing
valid
