0 0 0 0 0 0 0 0 0 0 
0 0 3 0 0 2 0 0 0 0 
0 0 0 1 0 0 0 0 0 0 
0 0 0 0 0 0 0 0 0 0 
0 0 0 0 0 0 0 0 0 0 
0 3 0 0 0 0 0 0 0 1 
0 0 0 0 - 0 0 0 0 0 
- 0 0 0 0 0 0 - 0 0 
0 0 0 0 0 0 0 0 0 0 
0 0 0 0 0 0 0 0 2 0 
Computing...
optimizedget
total connected number: 3
total length: 32
run time of algorthm: 65.8651 s
0 0 0 0 1 1 1 1 0 0 
0 3 3 0 1 2 0 1 1 0 
0 3 0 1 1 2 2 2 1 0 
0 3 0 0 0 0 0 2 1 1 
0 3 0 0 0 0 0 2 0 1 
0 3 0 0 0 0 0 2 0 1 
0 0 0 0 0 0 0 2 2 0 
0 0 0 0 0 0 0 0 2 0 
0 0 0 0 0 0 0 0 2 0 
0 0 0 0 0 0 0 0 2 0 
testing
valid
