1 0 0 3 0 0 0 0 0 0 
0 0 0 0 0 0 0 0 0 0 
0 0 0 0 0 0 0 0 - 0 
0 0 0 0 0 0 0 0 2 0 
0 2 0 0 0 0 0 0 0 0 
1 0 0 0 0 0 0 0 0 0 
0 0 0 0 0 0 0 0 - 0 
0 0 0 - 0 0 0 0 0 0 
0 0 0 0 0 0 0 0 0 0 
0 0 0 0 0 0 0 0 0 3 
Computing...
optimizedget
total connected number: 3
total length: 31
run time of algorthm: 32.3877 s
1 0 0 3 3 3 0 0 0 0 
1 0 0 0 0 3 3 3 3 3 
1 0 0 0 0 0 0 0 0 3 
1 0 0 0 0 0 0 0 2 3 
1 2 2 2 2 2 2 2 2 3 
1 0 0 0 0 0 0 0 0 3 
0 0 0 0 0 0 0 0 0 3 
0 0 0 0 0 0 0 0 0 3 
0 0 0 0 0 0 0 0 0 3 
0 0 0 0 0 0 0 0 0 3 
testing
valid
