0 0 0 0 0 0 0 0 0 0 
0 0 0 0 0 0 0 - 0 0 
0 0 3 0 0 0 0 0 0 0 
0 0 0 0 0 0 0 0 0 0 
0 0 0 0 0 0 0 0 0 0 
0 2 0 0 0 0 0 2 0 0 
0 0 0 0 0 0 0 0 1 0 
0 0 0 0 - 0 0 - 0 0 
0 0 0 0 0 0 0 0 0 1 
0 0 0 0 3 0 0 0 0 0 
Computing...
optimizedget
total connected number: 3
total length: 25
run time of algorthm: 11.0598 s
0 0 0 0 0 0 0 0 0 0 
0 0 0 0 0 0 0 0 0 0 
0 0 3 0 0 0 0 0 0 0 
0 3 3 0 0 0 0 0 0 0 
3 3 0 0 0 0 0 0 0 0 
3 2 2 2 2 2 2 2 0 0 
3 0 0 0 0 0 0 0 1 0 
3 3 3 3 0 0 0 0 1 0 
0 0 0 3 0 0 0 0 1 1 
0 0 0 3 3 0 0 0 0 0 
testing
valid
