0 0 1 0 0 0 0 0 0 0 
0 0 1 0 0 0 0 0 0 0 
0 0 0 0 0 0 0 - 0 0 
0 0 - 0 0 0 0 0 0 0 
0 0 0 0 0 0 2 0 0 0 
0 - 0 0 0 3 0 0 0 0 
0 0 0 0 0 0 0 0 0 0 
0 0 0 0 0 0 0 0 0 0 
0 0 0 0 0 0 0 0 2 3 
0 0 0 0 0 0 0 0 0 0 
Computing...
optimizedget
total connected number: 3
total length: 19
run time of algorthm: 1.40332 s
0 0 1 0 0 0 0 0 0 0 
0 0 1 0 0 0 0 0 0 0 
0 0 0 0 0 0 0 0 0 0 
0 0 0 0 0 0 0 0 0 0 
0 0 0 0 0 0 2 0 0 0 
0 0 0 0 0 3 2 0 0 0 
0 0 0 0 0 3 2 0 0 0 
0 0 0 0 0 3 2 2 2 0 
0 0 0 0 0 3 3 3 2 3 
0 0 0 0 0 0 0 3 3 3 
testing
valid
