0 0 0 0 - 0 0 1 0 0 
0 0 0 0 4 4 0 0 0 0 
0 0 0 - 0 0 0 0 0 0 
0 0 0 0 0 0 0 0 - 0 
0 - 0 0 0 0 0 0 0 0 
0 0 0 0 0 0 1 0 0 0 
0 0 3 3 0 0 0 0 0 0 
2 0 0 0 0 0 0 0 0 0 
0 0 0 0 0 0 0 0 0 2 
0 0 0 0 0 0 0 0 0 0 
Computing...
optimizedget
total connected number: 4
total length: 22
run time of algorthm: 2.30776 s
0 0 0 0 0 0 0 1 0 0 
0 0 0 0 4 4 0 1 0 0 
0 0 0 0 0 0 0 1 0 0 
0 0 0 0 0 0 0 1 0 0 
0 0 0 0 0 0 0 1 0 0 
0 0 0 0 0 0 1 1 0 0 
0 0 3 3 0 0 0 0 0 0 
2 2 2 2 2 2 0 0 0 0 
0 0 0 0 0 2 2 2 2 2 
0 0 0 0 0 0 0 0 0 0 
testing
valid
