0 0 0 0 0 0 0 0 0 0 
0 2 0 0 0 0 0 0 0 0 
0 1 0 0 0 0 0 0 0 0 
0 0 3 0 0 0 0 0 0 0 
0 0 4 0 0 0 0 0 - 0 
0 0 0 0 0 0 0 0 3 0 
0 0 2 0 0 - 0 0 0 - 
0 0 0 0 0 0 0 0 0 0 
0 0 0 0 0 0 0 - 0 0 
0 0 0 0 0 0 0 0 4 1 
Computing...
optimizedget
total connected number: 4
total length: 66
run time of algorthm: 47.869 s
3 3 3 3 3 3 0 0 0 0 
3 2 2 2 2 3 0 0 0 0 
3 1 1 1 2 3 0 0 0 0 
3 3 3 1 2 3 0 0 0 0 
4 4 4 1 2 3 3 0 0 0 
4 1 1 1 2 0 3 3 3 0 
4 1 2 2 2 0 0 0 0 0 
4 1 1 1 1 1 1 1 1 0 
4 0 0 0 0 0 0 0 1 1 
4 4 4 4 4 4 4 4 4 1 
testing
valid
