0 - 0 0 0 0 0 0 0 0 
0 0 0 0 0 3 0 0 0 0 
0 0 0 0 0 0 0 0 0 0 
0 4 0 1 0 0 0 2 0 0 
0 0 0 0 0 0 1 0 0 - 
0 0 0 0 0 0 0 2 0 0 
0 0 0 0 0 0 0 0 0 0 
0 0 0 0 0 0 0 0 - 0 
- 0 4 0 0 0 3 0 0 0 
0 0 0 0 0 0 0 0 0 0 
Computing...
optimizedget
total connected number: 4
total length: 28
run time of algorthm: 4.49422 s
0 0 0 0 0 0 0 0 0 0 
0 0 0 0 0 3 0 0 0 0 
0 0 0 0 0 3 3 3 3 0 
0 4 4 1 0 0 0 2 3 0 
0 0 4 1 1 1 1 2 3 0 
0 0 4 0 0 0 0 2 3 0 
0 0 4 0 0 0 0 3 3 0 
0 0 4 0 0 0 0 3 0 0 
0 0 4 0 0 0 3 3 0 0 
0 0 0 0 0 0 0 0 0 0 
testing
valid
