0 - 0 0 0 0 0 0 0 - 
0 0 0 4 0 0 0 0 0 0 
0 0 1 0 0 0 0 0 0 0 
0 0 0 0 0 0 0 2 0 0 
0 0 0 0 0 0 0 0 2 0 
- 0 0 0 0 0 0 0 0 0 
0 0 0 0 0 0 0 0 0 0 
3 0 0 1 0 0 0 0 0 0 
0 0 0 0 0 0 0 0 - 0 
0 3 0 0 0 0 0 0 4 0 
Computing...
optimizedget
total connected number: 4
total length: 28
run time of algorthm: 1.35861 s
0 0 0 0 0 0 0 0 0 0 
0 0 0 4 0 0 0 0 0 0 
0 0 1 4 0 0 0 0 0 0 
0 0 1 4 0 0 0 2 0 0 
0 0 1 4 4 0 0 2 2 0 
0 0 1 1 4 0 0 0 0 0 
0 0 0 1 4 4 4 0 0 0 
3 0 0 1 0 0 4 0 0 0 
3 0 0 0 0 0 4 4 0 0 
3 3 0 0 0 0 0 4 4 0 
testing
valid
