0 0 0 0 0 0 - 4 0 0 
0 0 0 0 0 0 4 0 3 0 
0 0 1 0 0 0 0 2 0 0 
2 0 0 0 0 0 0 0 0 0 
- 0 0 0 0 0 0 0 0 0 
0 0 0 0 - 0 0 0 0 0 
0 0 1 0 0 0 0 - 0 0 
0 0 0 3 0 0 0 0 0 0 
0 0 0 0 0 0 0 0 0 0 
0 0 0 0 0 0 0 0 0 0 
Computing...
optimizedget
total connected number: 4
total length: 31
run time of algorthm: 3.91184 s
0 0 0 0 0 0 0 4 0 0 
0 2 2 2 2 2 4 4 3 0 
0 2 1 0 0 2 2 2 3 0 
2 2 1 0 3 3 3 3 3 0 
0 0 1 3 3 0 0 0 0 0 
0 0 1 3 0 0 0 0 0 0 
0 0 1 3 0 0 0 0 0 0 
0 0 0 3 0 0 0 0 0 0 
0 0 0 0 0 0 0 0 0 0 
0 0 0 0 0 0 0 0 0 0 
testing
valid
