0 0 0 0 0 0 0 3 0 0 
0 0 0 0 0 0 0 0 - 2 
0 0 0 0 0 0 1 0 0 0 
0 0 0 0 0 0 4 0 0 0 
0 0 - 0 0 0 0 0 0 0 
0 0 3 0 0 0 0 0 0 0 
0 0 0 0 0 0 0 0 0 0 
0 0 0 0 0 0 0 0 0 0 
0 0 0 0 0 2 0 0 1 0 
0 0 0 4 0 0 0 0 0 0 
Computing...
optimizedget
total connected number: 4
total length: 44
run time of algorthm: 26.6663 s
0 0 0 0 3 3 3 3 0 0 
0 0 0 0 3 0 0 0 0 2 
0 0 0 3 3 0 1 1 1 2 
0 0 0 3 0 0 4 0 1 2 
0 0 0 3 0 0 4 0 1 2 
0 0 3 3 0 0 4 0 1 2 
0 0 0 0 0 0 4 0 1 2 
0 0 0 0 4 4 4 0 1 2 
0 0 0 0 4 2 2 2 1 2 
0 0 0 4 4 0 0 2 2 2 
testing
valid
