2 0 0 0 0 0 0 0 0 0 
0 0 4 0 0 4 0 0 0 0 
0 0 0 0 0 0 0 0 0 0 
0 0 0 0 0 0 0 0 0 0 
0 0 2 - 0 0 0 0 0 0 
0 3 - 0 0 0 0 0 0 0 
0 0 0 0 1 0 0 0 0 0 
0 0 0 0 0 0 0 0 0 0 
0 0 0 0 0 0 0 0 0 0 
0 0 0 0 1 0 0 0 0 3 
Computing...
optimizedget
total connected number: 4
total length: 30
run time of algorthm: 37.2038 s
2 0 0 0 0 0 0 0 0 0 
2 0 4 4 4 4 0 0 0 0 
2 0 0 0 0 0 0 0 0 0 
2 0 0 0 0 0 0 0 0 0 
2 2 2 0 0 0 0 0 0 0 
0 3 0 3 3 3 3 3 0 0 
0 3 3 3 1 0 0 3 0 0 
0 0 0 0 1 0 0 3 0 0 
0 0 0 0 1 0 0 3 0 0 
0 0 0 0 1 0 0 3 3 3 
testing
valid
